55682407000138
11977348000150
06085768000191
68055365000157
88665609000120
53171523000167
53076066000121
52830156000101
52676409000126
52591797000142
52202213000108
50767709000195
50462047000145
50312762000100
50229131000113
50108494000109
46974943000116
46865244000138
46218712000182
46032830000100
44172721000154
38500561000122
32006946000151
31718995000154
31319751000107
30760166000177
30081600000192
29266430000131
25426731000124
23720099000100
20519556000104
09483325000147
09396220000150
03263267000160
03130159000119
92454859000199
65917266000149
65568472000190
65419729000142
65326726000164
65268283000100
65250774000116
65064014000114
64981642000100
49916050000102
49485678000109
49344392000103
48965170000137
48846904000169
48841541000179
48595072000155
48103038000116
47613834000136
47613749000178
47603674000144
47541376000177
46471984000190
43727357000189
41315621000141
36923643000154
33517241000161
31157004000101
30761010000100
30416567000104
30016876000197
29128513000164
24671256000199
23948845000109
23774669000136
22695075000177
19069769000194
18560174000174
18021918000182
16365954000138
14065037000102
13431115000182
11202708000141
10193127000128
06970448000114
03047267000122
02318243000106
00695755000158
94361185000103
93590164000105
93050052000153
92220656000138
91437186000104
87788956000188
68001290000121
67250414000140
65287756000109
64799124000161
64756081000137
64673840000106
64603234000106
63964236000168
63819070000196
63781733000120
63741715000115
63629122000161
63529704000176
63509334000105
63485115000133
63396398000147
63342538000102
63338927000156
63276720000102
63188970000182
63031282000104
63011505000171
63003522000167
62756977000190
62647245000162
62612555000141
62604572000137
62337380000101
62293673000134
62104347000131
62090762000183
62065737000140
62048164000146
61893165000124
61787886000150
61526486000190
61338151000149
61081062000160
60851648000101
60693708000105
60497300000150
59910144000128
59882966000142
59759956000114
59688930000122
59527500000129
59390250000128
59330102000118
59159072000129
58403303000216
58403303000135
58154344000135
58128636000101
58018191000107
57689769000186
57677219000147
57605317000179
57318756000109
56926718000168
56104293000101
56036109000133
55805356000194
55581286000138
55107427000185
54990436000102
54638583000100
54424520000150
53879770000112
53873221000130
53805512000191
53589373000106
52414469000170
52301732000115
52282194000169
52134159000100
51893255000161
51800396000192
51726596000142
51687520000155
51388947000152
51284705000119
51061501000119
50588470000196
50518351000167
50424283000177
50211792000111
50180062000109
50072489000185
49689468000124
47896031000136
47894093000109
47223388000153
47154857000120
47017291000194
45381192000161
44898498000127
44288143000116
44228622000147
44131410000147
43828512000153
42868553000100
42787749000170
42553466000164
42344089000153
42326448000140
42169464000176
41915499000144
41901314000142
41833089000154
41400598000193
41284168000153
41252416000184
40906664000139
40589214000160
39567361000150
39284270000107
38489125000108
38437951000103
37563867000165
37563765000140
36930722000192
36809373000155
36158920000180
35957750000130
35755268000118
35156420000146
34438161000183
34211907000111
33538713000162
33384308000137
33231182000160
32699124000101
32565386000175
32013159000137
31969000000128
31721600000172
31666596000197
31535078000134
30792090000161
30005304000102
29920331000121
29685215000175
29610063000141
29592067000144
28742885000113
28659580000142
28491927000190
27498862000142
27177272000118
27122486000197
26609510000154
26562692000155
26165261000155
25243443000134
25051677000260
25051677000180
24207584000139
23704797000103
22748637000101
22666149000147
22082707000127
21879902000110
21414597000190
21010482000130
20746571000187
20380066000161
20315078000102
19969020000101
19363877000175
19142206000184
19134802000112
19056802000141
18539966000167
18535952000175
18321264000102
17721269000160
17649820000101
17377230000177
17369192000100
16776556000104
15666776000112
15340621000191
13681906000160
13405763000164
13380516000150
13195996000180
12958809000100
12949832000138
12936327000159
12043943000180
11977348000230
11445288000124
11188468000178
10696249000137
10545026000179
10515881000137
10139588000384
10139588000112
09660755000197
09302454000191
08899589000113
08055583000160
07887338000156
07864971000552
07864971000471
07864971000390
07864971000129
07244682000208
07244682000127
06340100000143
04849661000147
04722614000138
04692720000116
02611667000156
02595960000177
02245295000191
02195325000100
02091293000195
01870868000105
67813699000180
67732371000139
67695471000132
67639736000185
67588702000109
67222170000191
66808541000159
66633740000173
66616150000132
66599211000109
66547596000152
66321131000189
66317007000140
66181805000197
66159947000158
65929862000149
65149530000141
58569024000146
56823079000105
55856936000100
55426629000190
54782894000148
54669519000196
54619239000173
54599132000100
54508099000166
54034421000162
53923345000183
53458516000140
53375582000157
52236421000110
52031537000112
50813873000191
50668366000101
49572798000135
48714358000102
48574836000126
42549728000117
40710668000147
40053409000190
39379028000117
38381428000102
38034655000153
37701453000155
36317235000159
36171152000102
35293098000105
34194962000140
34038040000144
33991665000163
33836376000190
31321325000108
29048534000170
28313695000180
26712998000140
26308156000128
26023045000175
24806169000100
24642494000176
22734980000199
15337329000110
13540276000104
13426593000102
11873196000145
10673264000160
08359534000110
07616053000180
06994046000150
05904193000129
05864444000199
05768710000180
03575082000190
01293267000187
01109547000273
01109547000192
00501203000161
14165788000109
45096859000184
50197062000103
44597283000176
29381319000196
04449102000140
25216951000123
58265460000121
04733079000110
24690733000163
65723059000153
35419135000170
35253310000100
34196000000120
31603344000119
19953212000111
11776761000156
57084288000147
35583154000138
14651551000120
12936327000400
12936327000230
05688723000300
05688723000220
05018854000119
55329372000158
53756627000133
94966397000114
91192724000130
90266859000130
89913313000144
58490134000118
55953297000100
55749975000109
54488310000126
52112508000185
52018374000138
50368314000110
48514531000129
45538035000117
38659808000158
37232587000174
37027284000110
36918732000102
35702459000111
32570644000101
32286237000177
31620571000152
30842602000157
29722053000106
27585002000146
26967243000197
26773466000113
24277676000195
23072878000138
23027776000109
22389383000174
21047636000169
19125211000189
18385605000103
11392398000175
10774181000167
07131384000120
05688723000149
01731255000197
30483188000137
42326448000301
02245295000272
24332155000193
02595960000258
